t , Vt
0 , -15
0.0001 , -15.428571428571429
0.0002 , -15.821574344023324
0.00030000000000000003 , -16.178545447333452
0.0004 , -16.499099386161717
0.0005 , -16.782928798934144
0.0006000000000000001 , -17.029804199342205
0.0007000000000000001 , -17.23957370301303
0.0008000000000000001 , -17.412162598411452
0.0009000000000000002 , -17.547572764333133
0.0010000000000000002 , -17.64588193663855
0.0011000000000000003 , -17.707242827160165
0.0012000000000000003 , -17.73188209798873
0.0013000000000000004 , -17.72009919460943
0.0014000000000000004 , -17.672265041613446
0.0015000000000000005 , -17.58882060495563
0.0016000000000000005 , -17.47027532496335
0.0017000000000000006 , -17.317205424525493
0.0018000000000000006 , -17.130252097102982
0.0019000000000000006 , -16.910119579403332
0.0020000000000000005 , -16.657573113751017
0.0021000000000000003 , -16.373436805362566
0.0022 , -16.058591379900204
0.0023 , -15.713971846830205
0.0024 , -15.340565074251694
0.0024999999999999996 , -14.939407280988384
0.0025999999999999994 , -14.511581451849374
0.0026999999999999993 , -14.058214682065737
0.002799999999999999 , -13.580475456996911
0.002899999999999999 , -13.079570873275006
0.0029999999999999988 , -12.556743807615879
0.0030999999999999986 , -12.013270039573335
0.0031999999999999984 , -11.450455334547033
0.0032999999999999982 , -10.869632493375649
0.003399999999999998 , -10.27215837485479
0.003499999999999998 , -9.659410897514018
0.0035999999999999977 , -9.032786026969319
0.0036999999999999976 , -8.393694755136673
0.0037999999999999974 , -7.743560077549094
0.0038999999999999972 , -7.083813974963949
0.0039999999999999975 , -6.415894405379689
0.004099999999999998 , -5.741242312501578
0.004199999999999998 , -5.061298656604957
0.004299999999999998 , -4.3775014736421705
0.0043999999999999985 , -3.6912829683260187
0.004499999999999999 , -3.004066646798607
0.004599999999999999 , -2.3172644943603027
0.004699999999999999 , -1.6322742035893831
0.0048 , -0.9504764580293648
0.0049 , -0.2732322764582933
0.005 , 0.3981195774171181
0.0051 , 1.0622651151792595
0.005200000000000001 , 1.7179175693535043
0.005300000000000001 , 2.363819760217205
0.005400000000000001 , 2.9987463796844818
0.005500000000000001 , 3.6215061883955713
0.005600000000000002 , 4.2309441223535025
0.005700000000000002 , 4.825943305670297
0.005800000000000002 , 5.4054269662092365
0.0059000000000000025 , 5.968360251138535
0.006000000000000003 , 6.513751939644415
0.006100000000000003 , 7.040656050287699
0.006200000000000003 , 7.54817334072699
0.0063000000000000035 , 8.03545269777286
0.006400000000000004 , 8.50169241598066
0.006500000000000004 , 8.94614136323414
0.006600000000000004 , 9.36810003201738
0.0067000000000000046 , 9.766921475318297
0.006800000000000005 , 10.142012126352432
0.006900000000000005 , 10.492832501540626
0.007000000000000005 , 10.818897786417761
0.007100000000000006 , 11.119778304391811
0.007200000000000006 , 11.395099868512249
0.007300000000000006 , 11.6445440166441
0.007400000000000006 , 11.86784813067814
0.007500000000000007 , 12.064805440638365
0.007600000000000007 , 12.235264914774536
0.007700000000000007 , 12.379131036950007
0.0078000000000000074 , 12.49636347285248
0.007900000000000008 , 12.586976626767747
0.008000000000000007 , 12.651039090863208
0.008100000000000007 , 12.688672989128786
0.008200000000000006 , 12.700053218317423
0.008300000000000005 , 12.68540658841518
0.008400000000000005 , 12.645010865351974
0.008500000000000004 , 12.579193718837631
0.008600000000000003 , 12.488331578374098
0.008700000000000003 , 12.37284840065299
0.008800000000000002 , 12.233214351697962
0.008900000000000002 , 12.069944407253326
0.009000000000000001 , 11.883596875053904
0.0091 , 11.674771842735863
0.0092 , 11.444109555264248
0.0093 , 11.19228872585985
0.009399999999999999 , 10.920024784505848
0.009499999999999998 , 10.628068068203165
0.009599999999999997 , 10.317201957222677
0.009699999999999997 , 9.988240961672162
0.009799999999999996 , 9.64202876275613
0.009899999999999996 , 9.279436213157483
0.009999999999999995 , 8.901359301011155
0.010099999999999994 , 8.50871708197164
0.010199999999999994 , 8.102449583898546
0.010299999999999993 , 7.683515688697103
0.010399999999999993 , 7.252890995853979
0.010499999999999992 , 6.811565672202856
0.010599999999999991 , 6.3605422924391535
0.01069999999999999 , 5.900833674879107
0.01079999999999999 , 5.433460716925321
0.01089999999999999 , 4.959450234659003
0.010999999999999989 , 4.47983281092857
0.011099999999999988 , 3.995640656245375
0.011199999999999988 , 3.5079054867300905
0.011299999999999987 , 3.017656423278088
0.011399999999999987 , 2.525917916029142
0.011499999999999986 , 2.033707698136249
0.011599999999999985 , 1.5420347727304933
0.011699999999999985 , 1.05189743687405
0.011799999999999984 , 0.5642813461818026
0.011899999999999984 , 0.0801576236740083
0.011999999999999983 , -0.399518983701754
0.012099999999999982 , -0.8738118975711449
0.012199999999999982 , -1.3418044464834713
0.012299999999999981 , -1.8026015470799996
0.01239999999999998 , -2.2553313251938127
0.01249999999999998 , -2.699146674144922
0.01259999999999998 , -3.133226747648582
0.012699999999999979 , -3.556778384912788
0.012799999999999978 , -3.969037465662411
0.012899999999999977 , -4.369270192991978
0.012999999999999977 , -4.756774302116383
0.013099999999999976 , -5.130880193258412
0.013199999999999976 , -5.490951987083595
0.013299999999999975 , -5.836388501266055
0.013399999999999974 , -6.166624146943513
0.013499999999999974 , -6.481129743994907
0.013599999999999973 , -6.779413254249903
0.013699999999999973 , -7.061020431915566
0.013799999999999972 , -7.325535390681184
0.013899999999999971 , -7.57258108713744
0.01399999999999997 , -7.8018197203203625
0.01409999999999997 , -8.012953047363474
0.01419999999999997 , -8.205722615412917
0.014299999999999969 , -8.379909910129753
0.014399999999999968 , -8.53533642127079
0.014499999999999968 , -8.671863626003809
0.014599999999999967 , -8.789392890774737
0.014699999999999967 , -8.887865292702728
0.014799999999999966 , -8.967261361634051
0.014899999999999965 , -9.027600744136844
0.014999999999999965 , -9.068941790865862
0.015099999999999964 , -9.091381068869163
0.015199999999999964 , -9.09505280054685
0.015299999999999963 , -9.0801282311054
0.015399999999999962 , -9.046814926479506
0.015499999999999962 , -8.995356003816417
0.015599999999999961 , -8.926029296735527
0.01569999999999996 , -8.83914645768792
0.01579999999999996 , -8.735051999846847
0.01589999999999996 , -8.614122281060355
0.01599999999999996 , -8.476764432491434
0.016099999999999958 , -8.323415234658901
0.016199999999999957 , -8.154539943673768
0.016299999999999957 , -7.97063107054086
0.016399999999999956 , -7.772207116463897
0.016499999999999956 , -7.559811267154067
0.016599999999999955 , -7.334010049197213
0.016699999999999954 , -7.095391951583083
0.016799999999999954 , -6.8445660155416395
0.016899999999999953 , -6.582160395866151
0.016999999999999953 , -6.308820896930704
0.017099999999999952 , -6.025209486630837
0.01719999999999995 , -5.732002791490362
0.01729999999999995 , -5.429890576184917
0.01739999999999995 , -5.119574210733705
0.01749999999999995 , -4.801765128605021
0.01759999999999995 , -4.477183278968845
0.01769999999999995 , -4.1465555763109
0.017799999999999948 , -3.8106143505973615
0.017899999999999947 , -3.4700958011479033
0.017999999999999947 , -3.1257384573371176
0.018099999999999946 , -2.778281649200713
0.018199999999999945 , -2.428463990973361
0.018299999999999945 , -2.0770218805298613
0.018399999999999944 , -1.7246880176405244
0.018499999999999944 , -1.372189943885561
0.018599999999999943 , -1.020248607001967
0.018699999999999942 , -0.6695769523601174
0.018799999999999942 , -0.32087854418623085
0.01889999999999994 , 0.02515378093876064
0.01899999999999994 , 0.367839225863367
0.01909999999999994 , 0.7065103075862491
0.01919999999999994 , 1.0405140926649958
0.01929999999999994 , 1.3692133911661253
0.019399999999999938 , 1.691987907114524
0.019499999999999938 , 2.0082353435087588
0.019599999999999937 , 2.317372460079833
0.019699999999999936 , 2.6188360820847616
0.019799999999999936 , 2.9120840585425314
0.019899999999999935 , 3.1965961684383717
0.019999999999999934 , 3.4718749735424725
0.020099999999999934 , 3.7374466166111415
0.020199999999999933 , 3.9928615638615828
0.020299999999999933 , 4.237695290735772
0.020399999999999932 , 4.471548910094011
0.02049999999999993 , 4.694049742104429
0.02059999999999993 , 4.904851825220657
0.02069999999999993 , 5.10363636776594
0.02079999999999993 , 5.290112139767732
0.02089999999999993 , 5.464015804812158
0.02099999999999993 , 5.625112191812327
0.021099999999999928 , 5.773194506708115
0.021199999999999927 , 5.908084484237464
0.021299999999999927 , 6.029632480040198
0.021399999999999926 , 6.137717503474661
0.021499999999999925 , 6.232247191644834
0.021599999999999925 , 6.313157725250846
0.021699999999999924 , 6.38041368698867
0.021799999999999924 , 6.434007863335136
0.021899999999999923 , 6.473960990661972
0.021999999999999922 , 6.5003214467272015
0.022099999999999922 , 6.513164888693727
0.02219999999999992 , 6.5125938389231015
0.02229999999999992 , 6.4987372198871824
0.02239999999999992 , 6.471749839631428
0.02249999999999992 , 6.431811829310835
0.02259999999999992 , 6.379128034402864
0.022699999999999918 , 6.31392736128095
0.022799999999999918 , 6.236462080907242
0.022899999999999917 , 6.147007091474018
0.022999999999999916 , 6.04585914188953
0.023099999999999916 , 5.933336018065937
0.023199999999999915 , 5.809775694024202
0.023299999999999915 , 5.675535449883496
0.023399999999999914 , 5.53099095885049
0.023499999999999913 , 5.376535345367083
0.023599999999999913 , 5.212578216613381
0.023699999999999912 , 5.039544669596218
0.02379999999999991 , 4.857874276082082
0.02389999999999991 , 4.66802004765703
0.02399999999999991 , 4.470447383214957
0.02409999999999991 , 4.26563300118958
0.02419999999999991 , 4.054063858854535
0.02429999999999991 , 3.836236061020257
0.024399999999999908 , 3.612653760455787
0.024499999999999907 , 3.383828052358348
0.024599999999999907 , 3.1502758651835547
0.024699999999999906 , 2.9125188501345414
0.024799999999999905 , 2.6710822715891216
0.024899999999999905 , 2.426493900720483
0.024999999999999904 , 2.179282914538919
0.025099999999999904 , 1.929978802549821
0.025199999999999903 , 1.679110283186708
0.025299999999999902 , 1.4272042321375564
0.025399999999999902 , 1.1747846246382523
0.0254999999999999 , 0.9223714937587273
0.0255999999999999 , 0.6704799066554181
0.0256999999999999 , 0.41961896070821786
0.0257999999999999 , 0.17029080140124628
0.0258999999999999 , -0.0770103362553213
0.025999999999999898 , -0.3217990610302848
0.026099999999999898 , -0.5635997318393026
0.026199999999999897 , -0.8019473355824399
0.026299999999999896 , -1.0363883349315968
0.026399999999999896 , -1.2664814846238266
0.026499999999999895 , -1.4917986148945852
0.026599999999999895 , -1.711925380765021
0.026699999999999894 , -1.926461975979347
0.026799999999999893 , -2.1350238104719463
0.026899999999999893 , -2.337242150328959
0.026999999999999892 , -2.5327647192955056
0.02709999999999989 , -2.72125626096721
0.02719999999999989 , -2.9023990608931283
0.02729999999999989 , -3.0758934279063648
0.02739999999999989 , -3.241458134088374
0.02749999999999989 , -3.398830812863027
0.02759999999999989 , -3.5477683148067722
0.027699999999999888 , -3.6880470208514478
0.027799999999999887 , -3.819463112646341
0.027899999999999887 , -3.9418327999357463
0.027999999999999886 , -4.054992504897356
0.028099999999999885 , -4.158799003475187
0.028199999999999885 , -4.2531295238281785
0.028299999999999884 , -4.337881802101968
0.028399999999999884 , -4.412974095816479
0.028499999999999883 , -4.478345155245648
0.028599999999999882 , -4.53395415324778
0.028699999999999882 , -4.57978057408544
0.02879999999999988 , -4.615824061852363
0.02889999999999988 , -4.642104229201399
0.02899999999999988 , -4.658660427141938
0.02909999999999988 , -4.665551476747379
0.02919999999999988 , -4.662855363682944
0.029299999999999878 , -4.650668896531334
0.029399999999999878 , -4.629107329958315
0.029499999999999877 , -4.598303953822131
0.029599999999999876 , -4.558409649389648
0.029699999999999876 , -4.509592413878176
0.029799999999999875 , -4.452036854594953
0.029899999999999875 , -4.385943653996206
0.029999999999999874 , -4.311529007034461
0.030099999999999873 , -4.229024032206295
0.030199999999999873 , -4.138674157752943
0.030299999999999872 , -4.040738484503052
0.03039999999999987 , -3.935489126880365
0.03049999999999987 , -3.823210533629158
0.03059999999999987 , -3.704198789836883
0.03069999999999987 , -3.5787609018565676
0.03079999999999987 , -3.4472140667511875
0.03089999999999987 , -3.3098849278983393
0.030999999999999868 , -3.167108818406202
0.031099999999999867 , -3.0192289940009163
0.031199999999999867 , -2.866595857051189
0.03129999999999987 , -2.7095661733981573
0.03139999999999987 , -2.548502283657335
0.031499999999999875 , -2.38377131065488
0.03159999999999988 , -2.215744364652472
0.03169999999999988 , -2.0447957480038577
0.031799999999999884 , -1.8713021608716167
0.03189999999999989 , -1.6956419096150468
0.03199999999999989 , -1.5181941194392572
0.03209999999999989 , -1.3393379528717282
0.032199999999999895 , -1.1594518356057844
0.0322999999999999 , -0.9789126912207289
0.0323999999999999 , -0.798095186255897
0.032499999999999904 , -0.6173709870806842
0.03259999999999991 , -0.4371080299647985
0.03269999999999991 , -0.2576698057126733
0.03279999999999991 , -0.07941466018326357
0.032899999999999915 , 0.09730488802855297
0.03299999999999992 , 0.2721428115199266
0.03309999999999992 , 0.44476021843753216
0.033199999999999924 , 0.6148259761359819
0.03329999999999993 , 0.7820173130615158
0.03339999999999993 , 0.9460203978400143
0.03349999999999993 , 1.1065308946046224
0.033599999999999935 , 1.2632544936559527
0.03369999999999994 , 1.415907416606816
0.03379999999999994 , 1.5642168952235755
0.033899999999999944 , 1.7079216232374062
0.03399999999999995 , 1.8467721804608246
0.03409999999999995 , 1.9805314286077054
0.03419999999999995 , 2.108974878278478
0.034299999999999956 , 2.231891026636171
0.03439999999999996 , 2.3490816653633093
0.03449999999999996 , 2.4603621585542093
0.034599999999999964 , 2.5655616902618883
0.03469999999999997 , 2.664523481483381
0.03479999999999997 , 2.75710497643171
0.03489999999999997 , 2.843177998006861
0.034999999999999976 , 2.9226288724418263
0.03509999999999998 , 2.995358523162904
0.03519999999999998 , 3.0612825339658976
0.035299999999999984 , 3.120331181671517
0.03539999999999999 , 3.172449438484012
0.03549999999999999 , 3.2175969443367607
0.03559999999999999 , 3.255747949567095
0.035699999999999996 , 3.286891228319929
0.0358 , 3.3110299631356885
0.0359 , 3.328181601232518
0.036000000000000004 , 3.3383776830456373
0.03610000000000001 , 3.3416636436379945
0.03620000000000001 , 3.3380985876458573
0.03630000000000001 , 3.3277550384706944
0.036400000000000016 , 3.3107186624744704
0.03650000000000002 , 3.2870879689792827
0.03660000000000002 , 3.2569739869140237
0.036700000000000024 , 3.220499918990378
0.03680000000000003 , 3.1778007743279293
0.03690000000000003 , 3.1290229804833656
0.03700000000000003 , 3.074323975871709
0.037100000000000036 , 3.013871783598112
0.03720000000000004 , 2.947844567746989
0.03730000000000004 , 2.8764301732010864
0.037400000000000044 , 2.7998256500865035
0.03750000000000005 , 2.7182367639605904
0.03760000000000005 , 2.6318774928781337
0.03770000000000005 , 2.5409695124871874
0.037800000000000056 , 2.445741670319378
0.03790000000000006 , 2.3464294504504744
0.03800000000000006 , 2.2432744297154574
0.038100000000000064 , 2.136523726668293
0.03820000000000007 , 2.0264294444800783
0.03830000000000007 , 1.9132481089702273
0.03840000000000007 , 1.7972401029639322
0.038500000000000076 , 1.6786690981652537
0.03860000000000008 , 1.5578014857289464
0.03870000000000008 , 1.4349058067055107
0.038800000000000084 , 1.3102521835230354
0.03890000000000009 , 1.1841117536561965
0.03900000000000009 , 1.0567561066173625
0.03910000000000009 , 0.9284567253871622
0.039200000000000096 , 0.7994844333821736
0.0393000000000001 , 0.6701088480356363
0.0394000000000001 , 0.540597842043347
0.039500000000000104 , 0.411217013301236
0.03960000000000011 , 0.28222916453360514
0.03970000000000011 , 0.15389379358171984
0.03980000000000011 , 0.026466595291454453
0.039900000000000116 , -0.09980102409392022
0.04000000000000012 , -0.22466241916386837
0.04010000000000012 , -0.3478761633573057
0.040200000000000125 , -0.4692064919665389
0.04030000000000013 , -0.5884237293673171
0.04040000000000013 , -0.7053046997533247
0.04050000000000013 , -0.8196331206939825
0.040600000000000136 , -0.9311999788759661
0.04070000000000014 , -1.0398038874312996
0.04080000000000014 , -1.145251424298151
0.040900000000000145 , -1.2473574511044376
0.04100000000000015 , -1.3459454121089547
0.04110000000000015 , -1.4408476127798728
0.04120000000000015 , -1.531905477636007
0.041300000000000156 , -1.6189697870221456
0.04140000000000016 , -1.7019008925358539
0.04150000000000016 , -1.7805689108694265
0.041600000000000165 , -1.8548538958769594
0.04170000000000017 , -1.924645988722767
0.04180000000000017 , -1.9898455460134659
0.04190000000000017 , -2.050363245861913
0.042000000000000176 , -2.106120171876711
0.04210000000000018 , -2.1570478751161093
0.04220000000000018 , -2.2030884140897258
0.042300000000000185 , -2.244194372935519
0.04240000000000019 , -2.2803288579427767
0.04250000000000019 , -2.3114654726344357
0.04260000000000019 , -2.337588271663791
0.042700000000000196 , -2.3586916938214437
0.0428000000000002 , -2.3747804744881638
0.0429000000000002 , -2.385869537908082
0.043000000000000205 , -2.391983869694257
0.04310000000000021 , -2.3931583700150645
0.04320000000000021 , -2.389437687945031
0.04330000000000021 , -2.3808760374975457
0.043400000000000216 , -2.367536995889361
0.04350000000000022 , -2.3494932846178065
0.04360000000000022 , -2.326826533961183
0.043700000000000225 , -2.299627031540824
0.04380000000000023 , -2.267993455609759
0.04390000000000023 , -2.232032593757746
0.04400000000000023 , -2.191859047745634
0.044100000000000236 , -2.1475949252035442
0.04420000000000024 , -2.0993695189471544
0.04430000000000024 , -2.0473189746844707
0.044400000000000245 , -1.9915859479018032
0.04450000000000025 , -1.9323192507322324
0.04460000000000025 , -1.8696734896226461
0.04470000000000025 , -1.8038086946264382
0.044800000000000256 , -1.7348899411581675
0.04490000000000026 , -1.6630869650538977
0.04500000000000026 , -1.5885737717865653
0.045100000000000265 , -1.5115282406895616
0.04520000000000027 , -1.432131725043775
0.04530000000000027 , -1.3505686488836413
0.045400000000000273 , -1.2670261013762905
0.045500000000000276 , -1.1816934296247044
0.04560000000000028 , -1.094761830740906
0.04570000000000028 , -1.0064239440286387
0.045800000000000285 , -0.9168734441067699
0.04590000000000029 , -0.8263046357948234
0.04600000000000029 , -0.7349120515706202
0.046100000000000294 , -0.6428900523970477
0.046200000000000296 , -0.5504324327005083
0.0463000000000003 , -0.45773203026767656
0.0464000000000003 , -0.3649803418098493
0.046500000000000305 , -0.2723671449254778
0.04660000000000031 , -0.18008012717144972
0.04670000000000031 , -0.08830452293241622
0.046800000000000314 , 0.0027772412450191714
0.046900000000000316 , 0.09298589221006058
0.04700000000000032 , 0.18214564603895184
0.04710000000000032 , 0.27008453354694417
0.047200000000000325 , 0.3566347149149687
0.04730000000000033 , 0.4416327828925869
0.04740000000000033 , 0.5249200540672362
0.047500000000000334 , 0.6063428477189965
0.047600000000000336 , 0.6857527518100209
0.04770000000000034 , 0.7630068756883213
0.04780000000000034 , 0.837968089116716
0.047900000000000345 , 0.9105052472693642
0.04800000000000035 , 0.9804934013703489
0.04810000000000035 , 1.0478139946811806
0.048200000000000354 , 1.1123550435767775
0.04830000000000036 , 1.1740113034823958
0.04840000000000036 , 1.232684419477044
0.04850000000000036 , 1.2882830614020624
0.048600000000000365 , 1.3407230433467021
0.04870000000000037 , 1.3899274274156512
0.04880000000000037 , 1.435826611716429
0.048900000000000374 , 1.4783584025373697
0.04900000000000038 , 1.5174680707194632
0.04910000000000038 , 1.553108392257538
0.04920000000000038 , 1.5852396731981258
0.049300000000000385 , 1.6138297589327526
0.04940000000000039 , 1.6388540280163026
0.04950000000000039 , 1.6602953706704522
0.049600000000000394 , 1.6781441521619016
0.0497000000000004 , 1.6923981612741903
0.0498000000000004 , 1.7030625441202243
0.0499000000000004 , 1.7101497235702003
0.050000000000000405 , 1.7136793045963599
0.05010000000000041 , 1.7136779658618695
0.05020000000000041 , 1.7101793379060848
0.050300000000000414 , 1.7032238683024516
0.05040000000000042 , 1.6928586741883038
0.05050000000000042 , 1.679137382587784
0.05060000000000042 , 1.662119958970015
0.050700000000000425 , 1.6418725245044494
0.05080000000000043 , 1.6184671624939888
0.05090000000000043 , 1.5919817144839803
0.051000000000000434 , 1.5624995665615147
0.05110000000000044 , 1.5301094263745798
0.05120000000000044 , 1.494905091414511
0.05130000000000044 , 1.456985209117842
0.051400000000000445 , 1.4164530293550504
0.05150000000000045 , 1.3734161498838329
0.05160000000000045 , 1.3279862553533945
0.051700000000000454 , 1.2802788504538174
0.05180000000000046 , 1.2304129878108612
0.05190000000000046 , 1.1785109912315572
0.05200000000000046 , 1.1246981749096787
0.052100000000000465 , 1.0691025592026147
0.05220000000000047 , 1.0118545835923474
0.05230000000000047 , 0.9530868174431458
0.052400000000000474 , 0.89293366916725
0.05250000000000048 , 0.8315310944072459
0.05260000000000048 , 0.7690163038400434
0.05270000000000048 , 0.7055274712023787
0.052800000000000485 , 0.6412034421315985
0.05290000000000049 , 0.5761834444081626
0.05300000000000049 , 0.5106068001778584
0.053100000000000494 , 0.44461264072217377
0.0532000000000005 , 0.37833962433466123
0.0533000000000005 , 0.311925657849476
0.0534000000000005 , 0.24550762235561338
0.053500000000000505 , 0.17922110361674887
0.05360000000000051 , 0.11320012770202985
0.05370000000000051 , 0.047576902317718966
0.053800000000000514 , -0.017518435686709466
0.05390000000000052 , -0.08195806618153102
0.05400000000000052 , -0.1456167245501811
0.05410000000000052 , -0.20837193299310897
0.054200000000000526 , -0.27010422394135636
0.05430000000000053 , -0.33069735519905985
0.05440000000000053 , -0.39003851645458304
0.054500000000000534 , -0.44801852682103066
0.05460000000000054 , -0.5045320230884351
0.05470000000000054 , -0.559477638391888
0.05480000000000054 , -0.6127581710222633
0.054900000000000546 , -0.6642807431289025
0.05500000000000055 , -0.713956949086644
0.05510000000000055 , -0.7617029933228424
0.055200000000000554 , -0.8074398174234794
0.05530000000000056 , -0.8510932163610692
0.05540000000000056 , -0.8925939437107614
0.05550000000000056 , -0.9318778057447883
0.055600000000000566 , -0.968885744319148
0.05570000000000057 , -1.0035639084901073
0.05580000000000057 , -1.0358637148217036
0.055900000000000574 , -1.065741896368873
0.05600000000000058 , -1.093160540344092
0.05610000000000058 , -1.1180871144984368
0.05620000000000058 , -1.1404944822707026
0.056300000000000586 , -1.1603609067806393
0.05640000000000059 , -1.1776700437643983
0.05650000000000059 , -1.192410923571922
0.056600000000000594 , -1.2045779223671866
0.0567000000000006 , -1.2141707226929033
0.0568000000000006 , -1.2211942635814508
0.0569000000000006 , -1.2256586804134104
0.057000000000000606 , -1.227579234744086
0.05710000000000061 , -1.2269762343367603
0.05720000000000061 , -1.2238749436591574
0.057300000000000614 , -1.2183054851165946
0.05740000000000062 , -1.2103027313116141
0.05750000000000062 , -1.199906188635433
0.05760000000000062 , -1.1871598725113335
0.057700000000000626 , -1.1721121746241072
0.05780000000000063 , -1.1548157224828324
0.05790000000000063 , -1.1353272316766116
0.058000000000000634 , -1.1137073511943754
0.05810000000000064 , -1.0900205021904847
0.05820000000000064 , -1.064334710587603
0.05830000000000064 , -1.036721433917155
0.058400000000000646 , -1.0072553828056423
0.05850000000000065 , -0.9760143375221189
0.05860000000000065 , -0.9430789600082573
0.058700000000000654 , -0.9085326018176402
0.05880000000000066 , -0.872461108395197
0.05890000000000066 , -0.8349526201310725
0.05900000000000066 , -0.7960973706256587
0.059100000000000666 , -0.7559874826040536
0.05920000000000067 , -0.7147167619188364
0.05930000000000067 , -0.6723804900797665
0.059400000000000674 , -0.6290752157478448
0.05950000000000068 , -0.5848985456291226
0.05960000000000068 , -0.5399489352007233
0.05970000000000068 , -0.4943254796977631
0.059800000000000686 , -0.4481277057852438
0.05990000000000069 , -0.40145536433355417
0.06000000000000069 , -0.3544082247099754
0.060100000000000695 , -0.3070858709915668
0.0602000000000007 , -0.2595875004970242
0.0603000000000007 , -0.21201172502658538
0.0604000000000007 , -0.16445637518982437
0.060500000000000706 , -0.11701830819125734
0.06060000000000071 , -0.06979321943310268
0.06070000000000071 , -0.022875458283325475
0.060800000000000715 , 0.02364215165471914
0.06090000000000072 , 0.06966848744711969
0.06100000000000072 , 0.11511429659772773
0.06110000000000072 , 0.15989236138241628
0.061200000000000726 , 0.20391765746565388
0.06130000000000073 , 0.2471075065301416
0.06140000000000073 , 0.2893817226650421
0.061500000000000735 , 0.33066275227349107
0.06160000000000074 , 0.3708758072755871
0.06170000000000074 , 0.4099489913988695
0.06180000000000074 , 0.4478134193643814
0.061900000000000746 , 0.48440332879274345
0.06200000000000075 , 0.5196561846711903
0.06210000000000075 , 0.553512776239221
0.062200000000000755 , 0.5859173061673401
0.06230000000000076 , 0.616817471920292
0.06240000000000076 , 0.6461645392131744
0.06250000000000076 , 0.6739134074858256
0.06260000000000077 , 0.7000226673378819
0.06270000000000077 , 0.7244546498838548
0.06280000000000077 , 0.7471754680044569
0.06290000000000077 , 0.7681550494871666
0.06300000000000078 , 0.7873671620656454
0.06310000000000078 , 0.8047894303840591
0.06320000000000078 , 0.8204033449285886
0.06330000000000079 , 0.8341942629844042
0.06340000000000079 , 0.8461514016921011
0.06350000000000079 , 0.8562678232930061
0.0636000000000008 , 0.8645404126678623
0.0637000000000008 , 0.8709698472881257
0.0638000000000008 , 0.8755605597134583
0.0639000000000008 , 0.8783206927829439
0.0640000000000008 , 0.8792620476610543
0.06410000000000081 , 0.8784000249124458
0.06420000000000081 , 0.8757535587922342
0.06430000000000081 , 0.871345044950462
0.06440000000000082 , 0.8652002617610256
0.06450000000000082 , 0.85734828549633
0.06460000000000082 , 0.847821399579401
0.06470000000000083 , 0.8366549981550561
0.06480000000000083 , 0.8238874842310348
0.06490000000000083 , 0.8095601626486755
0.06500000000000083 , 0.7937171281508107
0.06510000000000084 , 0.7764051488220057
0.06520000000000084 , 0.7576735451830899
0.06530000000000084 , 0.7375740652281167
0.06540000000000085 , 0.7161607556974192
0.06550000000000085 , 0.6934898298853186
0.06560000000000085 , 0.669619532285268
0.06570000000000085 , 0.6446100003787855
0.06580000000000086 , 0.6185231238774419
0.06590000000000086 , 0.5914224017294225
0.06600000000000086 , 0.5633727972037731
0.06610000000000087 , 0.5344405913663876
0.06620000000000087 , 0.5046932352620797
0.06630000000000087 , 0.47419920111673375
0.06640000000000087 , 0.44302783287253383
0.06650000000000088 , 0.41124919636765445
0.06660000000000088 , 0.37893392946955423
0.06670000000000088 , 0.3461530924681647
0.06680000000000089 , 0.31297801903181943
0.06690000000000089 , 0.2794801680247349
0.06700000000000089 , 0.2457309764802524
0.0671000000000009 , 0.21180171401888692
0.0672000000000009 , 0.1777633389945299
0.0673000000000009 , 0.14368635664592622
0.0674000000000009 , 0.10964067952381415
0.0675000000000009 , 0.07569549045689808
0.06760000000000091 , 0.04191910831213585
0.06770000000000091 , 0.00837885679668672
0.06780000000000092 , -0.024859063459696948
0.06790000000000092 , -0.05772969931202044
0.06800000000000092 , -0.09016946577667823
0.06810000000000092 , -0.12211626276661816
0.06820000000000093 , -0.1535095876843411
0.06830000000000093 , -0.18429064368240336
0.06840000000000093 , -0.2144024434117445
0.06850000000000094 , -0.24378990808908155
0.06860000000000094 , -0.27239996172577235
0.06870000000000094 , -0.3001816203719251
0.06880000000000094 , -0.3270860762410969
0.06890000000000095 , -0.35306677659265534
0.06900000000000095 , -0.3780794972607445
0.06910000000000095 , -0.4020824107307824
0.06920000000000096 , -0.4250361486764849
0.06930000000000096 , -0.4469038588825485
0.06940000000000096 , -0.46765125649029066
0.06950000000000096 , -0.487246669515734
0.06960000000000097 , -0.5056610786017872
0.06970000000000097 , -0.5228681509783097
0.06980000000000097 , -0.5388442686159165
0.06990000000000098 , -0.5535685505713639
0.07000000000000098 , -0.5670228695342328
0.07010000000000098 , -0.579191862596365
0.07020000000000098 , -0.5900629362770966
0.07030000000000099 , -0.5996262658487388
0.07040000000000099 , -0.6078747890179665
0.07050000000000099 , -0.6148041940297636
0.070600000000001 , -0.6204129022713195
0.070700000000001 , -0.6247020454637627
0.070800000000001 , -0.6276754375398212
0.070900000000001 , -0.6293395413154143
0.071000000000001 , -0.6297034300727729
0.07110000000000101 , -0.6287787441819537
0.07120000000000101 , -0.626579642896526
0.07130000000000102 , -0.6231227514677694
0.07140000000000102 , -0.6184271037298967
0.07150000000000102 , -0.6125140803166094
0.07160000000000102 , -0.60540734267668
0.07170000000000103 , -0.5971327630632328
0.07180000000000103 , -0.587718350677948
0.07190000000000103 , -0.577194174157534
0.07200000000000104 , -0.5655922805954964
0.07210000000000104 , -0.5529466112974601
0.07220000000000104 , -0.5392929144730838
0.07230000000000104 , -0.5246686550719197
0.07240000000000105 , -0.5091129219744295
0.07250000000000105 , -0.49266633275274985
0.07260000000000105 , -0.47537093621872006
0.07270000000000106 , -0.45727011297912584
0.07280000000000106 , -0.4384084742200874
0.07290000000000106 , -0.41883175894401914
0.07300000000000106 , -0.39858672988361954
0.07310000000000107 , -0.37772106831791025
0.07320000000000107 , -0.3562832680154433
0.07330000000000107 , -0.3343225285294309
0.07340000000000108 , -0.3118886480687354
0.07350000000000108 , -0.28903191616738927
0.07360000000000108 , -0.2658030063736055
0.07370000000000108 , -0.2422528691770953
0.07380000000000109 , -0.21843262539093872
0.07390000000000109 , -0.19439346020126744
0.07400000000000109 , -0.17018651809462446
0.0741000000000011 , -0.14586279886907613
0.0742000000000011 , -0.12147305493097708
0.0743000000000011 , -0.0970676900747423
0.0744000000000011 , -0.07269665993807421
0.07450000000000111 , -0.04840937431984091
0.07460000000000111 , -0.02425460154221696
0.07470000000000111 , -0.0002803750327971463
0.07480000000000112 , 0.023466097703810772
0.07490000000000112 , 0.046938523561898995
0.07500000000000112 , 0.07009160960182469
0.07510000000000112 , 0.09288114595918953
0.07520000000000113 , 0.11526408575405052
0.07530000000000113 , 0.13719862186565288
0.07540000000000113 , 0.15864426044585428
0.07550000000000114 , 0.1795618910522731
0.07560000000000114 , 0.1999138532902248
0.07570000000000114 , 0.21966399986069213
0.07580000000000114 , 0.2387777559198883
0.07590000000000115 , 0.2572221746643985
0.07600000000000115 , 0.2749659890644078
0.07610000000000115 , 0.29197965967612227
0.07620000000000116 , 0.30823541847314806
0.07630000000000116 , 0.32370730864529096
0.07640000000000116 , 0.3383712203219605
0.07650000000000116 , 0.3522049221860863
0.07660000000000117 , 0.3651880889531672
0.07670000000000117 , 0.3773023246987524
0.07680000000000117 , 0.388531182026287
0.07690000000000118 , 0.39886017707581867
0.07700000000000118 , 0.408276800382547
0.07710000000000118 , 0.41677052360258016
0.07720000000000118 , 0.4243328021315329
0.07730000000000119 , 0.4309570736497374
0.07740000000000119 , 0.4366387526358303
0.07750000000000119 , 0.44137522089830905
0.0776000000000012 , 0.44516581418230505
0.0777000000000012 , 0.4480118049162855
0.0778000000000012 , 0.4499163811706574
0.0779000000000012 , 0.45088462190729245
0.07800000000000121 , 0.4509234686058086
0.07810000000000121 , 0.45004169335902094
0.07820000000000121 , 0.4482498635362999
0.07830000000000122 , 0.44556030311963957
0.07840000000000122 , 0.44198705082302975
0.07850000000000122 , 0.43754581511123863
0.07860000000000122 , 0.4322539262393328
0.07870000000000123 , 0.42613028543918796
0.07880000000000123 , 0.41919531138386246
0.07890000000000123 , 0.4114708840650152
0.07900000000000124 , 0.4029802862225413
0.07910000000000124 , 0.3937481424692694
0.07920000000000124 , 0.3838003562569077
0.07930000000000124 , 0.3731640448324388
0.07940000000000125 , 0.3618674723368442
0.07950000000000125 , 0.3499399812003841
0.07960000000000125 , 0.33741192199066505
0.07970000000000126 , 0.3243145818713978
0.07980000000000126 , 0.31068011183107985
0.07990000000000126 , 0.29654145284183075
0.08000000000000126 , 0.28193226110926467
0.08010000000000127 , 0.2668868325746089
0.08020000000000127 , 0.2514400268302669
0.08030000000000127 , 0.23562719060968682
0.08040000000000128 , 0.21948408101173195
0.08050000000000128 , 0.20304678861876768
0.08060000000000128 , 0.18635166066637837
0.08070000000000128 , 0.16943522442101921
0.08080000000000129 , 0.15233411091999474
0.08090000000000129 , 0.135084979225946
0.0810000000000013 , 0.11772444134552915
0.0811000000000013 , 0.1002889879591866
0.0812000000000013 , 0.0828149151058585
0.0813000000000013 , 0.0653382519631624
0.0814000000000013 , 0.04789468985999571
0.08150000000000131 , 0.030519512654695928
0.08160000000000131 , 0.0132475286078384
0.08170000000000131 , -0.0038869961255276406
0.08180000000000132 , -0.02085040226389796
0.08190000000000132 , -0.037609700311976524
0.08200000000000132 , -0.05413263150725983
0.08210000000000132 , -0.07038772669488617
0.08220000000000133 , -0.08634436303032787
0.08230000000000133 , -0.10197281841489395
0.08240000000000133 , -0.11724432357454259
0.08250000000000134 , -0.1321311116981649
0.08260000000000134 , -0.1466064655572803
0.08270000000000134 , -0.16064476203496747
0.08280000000000134 , -0.17422151399782979
0.08290000000000135 , -0.18731340945084615
0.08300000000000135 , -0.19989834792107697
0.08310000000000135 , -0.21195547402236461
0.08320000000000136 , -0.22346520815937665
0.08330000000000136 , -0.23440927433557487
0.08340000000000136 , -0.2447707250359408
0.08350000000000136 , -0.25453396316153604
0.08360000000000137 , -0.2636847609992109
0.08370000000000137 , -0.2722102762159843
0.08380000000000137 , -0.2800990648737899
0.08390000000000138 , -0.2873410914664045
0.08400000000000138 , -0.29392773598643696
0.08410000000000138 , -0.2998517980362383
0.08420000000000138 , -0.30510749800249815
0.08430000000000139 , -0.30969047532009464
0.08440000000000139 , -0.31359778385646214
0.0845000000000014 , -0.31682788445332044
0.0846000000000014 , -0.31938063466805905
0.0847000000000014 , -0.32125727576238233
0.0848000000000014 , -0.3224604169909861
0.0849000000000014 , -0.32299401724804333
0.08500000000000141 , -0.322863364134119
0.08510000000000141 , -0.3220750505108018
0.08520000000000141 , -0.32063694861482755
0.08530000000000142 , -0.31855818180776424
0.08540000000000142 , -0.31584909404143263
0.08550000000000142 , -0.3125212171231312
0.08560000000000142 , -0.30858723586842624
0.08570000000000143 , -0.30406095123274207
0.08580000000000143 , -0.29895724151624253
0.08590000000000143 , -0.29329202173952684
0.08600000000000144 , -0.2870822012904679
0.08610000000000144 , -0.28034563994509293
0.08620000000000144 , -0.27310110236774515
0.08630000000000144 , -0.2653682111978665
0.08640000000000145 , -0.2571673988326033
0.08650000000000145 , -0.2485198580160584
0.08660000000000145 , -0.23944749134739338
0.08670000000000146 , -0.2299728598211223
0.08680000000000146 , -0.22011913051383386
0.08690000000000146 , -0.20991002353223284
0.08700000000000147 , -0.1993697583378058
0.08710000000000147 , -0.18852299956358864
0.08720000000000147 , -0.17739480243845196
0.08730000000000147 , -0.16601055793402042
0.08740000000000148 , -0.15439593774881336
0.08750000000000148 , -0.1425768392434338
0.08760000000000148 , -0.1305793304396495
0.08770000000000149 , -0.118429595195004
0.08780000000000149 , -0.10615387866317484
0.08790000000000149 , -0.09377843314866274
0.0880000000000015 , -0.0813294644625569
0.0881000000000015 , -0.06883307888408222
0.0882000000000015 , -0.056315230830401
0.0883000000000015 , -0.04380167133472001
0.0884000000000015 , -0.03131789743015152
0.08850000000000151 , -0.018889102534000383
0.08860000000000151 , -0.006540127924205786
0.08870000000000151 , 0.0057045846034360845
0.08880000000000152 , 0.017821038811896124
0.08890000000000152 , 0.029785728751407774
0.08900000000000152 , 0.04157568206139059
0.08910000000000153 , 0.05316850177101699
0.08920000000000153 , 0.06454240652741358
0.08930000000000153 , 0.07567626918437358
0.08940000000000153 , 0.08654965368844203
0.08950000000000154 , 0.09714285020331165
0.08960000000000154 , 0.10743690841762474
0.08970000000000154 , 0.11741366898550704
0.08980000000000155 , 0.1270557930534527
0.08990000000000155 , 0.1363467898315265
0.09000000000000155 , 0.1452710421712414
0.09010000000000155 , 0.15381383011689526
0.09020000000000156 , 0.16196135240160364
0.09030000000000156 , 0.1697007458637333
0.09040000000000156 , 0.1770201027639167
0.09050000000000157 , 0.18390848598730122
0.09060000000000157 , 0.19035594212014884
0.09070000000000157 , 0.19635351239434318
0.09080000000000157 , 0.2018932414977744
0.09090000000000158 , 0.20696818425294622
0.09100000000000158 , 0.21157241017047773
0.09110000000000158 , 0.21570100588844673
0.09120000000000159 , 0.21935007551273078
0.09130000000000159 , 0.22251673887764192
0.09140000000000159 , 0.22519912775021178
0.0915000000000016 , 0.2273963800054574
0.0916000000000016 , 0.2291086318038392
0.0917000000000016 , 0.23033700780590205
0.0918000000000016 , 0.23108360946276313
0.0919000000000016 , 0.2313515014246689
0.09200000000000161 , 0.23114469611328167
0.09210000000000161 , 0.23046813650666967
0.09220000000000161 , 0.22932767718915464
0.09230000000000162 , 0.22773006372121632
0.09240000000000162 , 0.2256829103875552
0.09250000000000162 , 0.223194676384172
0.09260000000000163 , 0.2202746405079282
0.09270000000000163 , 0.21693287441450318
0.09280000000000163 , 0.2131802145129587
0.09290000000000163 , 0.20902823256725286
0.09300000000000164 , 0.20448920507701512
0.09310000000000164 , 0.1995760815116973
0.09320000000000164 , 0.19430245147384845
0.09330000000000165 , 0.18868251086872634
0.09340000000000165 , 0.18273102715875084
0.09350000000000165 , 0.17646330378242392
0.09360000000000165 , 0.16989514381828838
0.09370000000000166 , 0.16304281297527054
0.09380000000000166 , 0.1559230019913523
0.09390000000000166 , 0.14855278852294485
0.09400000000000167 , 0.14094959860759101
0.09410000000000167 , 0.13313116778270806
0.09420000000000167 , 0.12511550194299534
0.09430000000000167 , 0.1169208380188792
0.09440000000000168 , 0.10856560455794742
0.09450000000000168 , 0.10006838229074298
0.09460000000000168 , 0.09144786476154441
0.09470000000000169 , 0.08272281910385887
0.09480000000000169 , 0.07391204703929988
0.09490000000000169 , 0.06503434617731635
0.0950000000000017 , 0.0561084716918878
0.0951000000000017 , 0.04715309844980641
0.0952000000000017 , 0.03818678366353436
0.0953000000000017 , 0.029227930139859047
0.0954000000000017 , 0.020294750193674806
0.09550000000000171 , 0.011405230294201827
0.09560000000000171 , 0.002577096508817295
0.09570000000000171 , -0.0061722191925747665
0.09580000000000172 , -0.014825611712063962
0.09590000000000172 , -0.02336633461903
0.09600000000000172 , -0.03177803091065276
0.09610000000000173 , -0.04004476268471452
0.09620000000000173 , -0.04815103967449668
0.09630000000000173 , -0.05608184659837378
0.09640000000000173 , -0.06382266927957782
0.09650000000000174 , -0.07135951949453996
0.09660000000000174 , -0.07867895851120749
0.09670000000000174 , -0.08576811928177502
0.09680000000000175 , -0.09261472725735395
0.09690000000000175 , -0.09920711979522528
0.09700000000000175 , -0.10553426413247356
0.09710000000000175 , -0.11158577390297429
0.09720000000000176 , -0.11735192417789957
0.09730000000000176 , -0.12282366501310875
0.09740000000000176 , -0.12799263348999668
0.09750000000000177 , -0.1328511642395741
0.09760000000000177 , -0.13739229844274825
0.09770000000000177 , -0.1416097913029478
0.09780000000000177 , -0.1454981179903911
0.09790000000000178 , -0.14905247806042263
0.09800000000000178 , -0.15226879835143256
0.09810000000000178 , -0.15514373437092654
0.09820000000000179 , -0.15767467018131462
0.09830000000000179 , -0.1598597167999412
0.09840000000000179 , -0.16169770913077147
0.0985000000000018 , -0.16318820144798002
0.0986000000000018 , -0.16433146145445057
0.0987000000000018 , -0.16512846294088443
0.0988000000000018 , -0.16558087707382663
0.0989000000000018 , -0.16569106234344727
0.09900000000000181 , -0.16546205320435703
0.09910000000000181 , -0.16489754744508595
0.09920000000000181 , -0.16400189232411047
0.09930000000000182 , -0.16278006951246923
0.09940000000000182 , -0.16123767888506307
0.09950000000000182 , -0.1593809212046831
0.09960000000000183 , -0.15721657974465095
0.09970000000000183 , -0.15475200089768443
0.09980000000000183 , -0.15199507382021754
0.09990000000000183 , -0.14895420916290297
0.10000000000000184 , -0.14563831693940724
