t , It
0.0 , 0.200000000000000
0.0001 , 0.218230054928273
0.0002 , 0.235759405724953
0.00030000000000000003 , 0.252562477460390
0.0004 , 0.268615529378745
0.0005 , 0.283896676979687
0.0006000000000000001 , 0.298385910026178
0.0007 , 0.312065106499638
0.0008 , 0.324918042531704
0.0009000000000000001 , 0.336930398349544
0.001 , 0.348089760279195
0.0011 , 0.358385618858817
0.0012000000000000001 , 0.367809363120830
0.0013000000000000002 , 0.376354271108883
0.0014 , 0.384015496702258
0.0015 , 0.390790052826788
0.0016 , 0.396676791137547
0.0017000000000000001 , 0.401676378264535
0.0018000000000000002 , 0.405791268718218
0.0019 , 0.409025674557198
0.002 , 0.411385531925399
0.0021000000000000003 , 0.412878464570952
0.0022 , 0.413513744463523
0.0023 , 0.413302249630995
0.0024000000000000002 , 0.412256419340406
0.0025 , 0.410390206751574
0.0026000000000000003 , 0.407719029175219
0.0027 , 0.404259716070295
0.0028 , 0.400030454917990
0.0029000000000000002 , 0.395050735112149
0.003 , 0.389341290007935
0.0031000000000000003 , 0.382924037272260
0.0032 , 0.375822017680927
0.0033 , 0.368059332508500
0.0034000000000000002 , 0.359661079657717
0.0035 , 0.350653288675720
0.0036000000000000003 , 0.341062854804551
0.0037 , 0.330917472213207
0.0038 , 0.320245566558167
0.0039000000000000003 , 0.309076227018500
0.004 , 0.297439137950745
0.0041 , 0.285364510307388
0.004200000000000001 , 0.272883012961252
0.0043 , 0.260025704076259
0.0044 , 0.246823962662959
0.0045000000000000005 , 0.233309420454848
0.0046 , 0.219513894238968
0.0047 , 0.205469318771424
0.0048000000000000004 , 0.191207680405437
0.0049 , 0.176760951556295
0.005 , 0.162161026124093
0.0051 , 0.147439655991533
0.005200000000000001 , 0.132628388710153
0.0053 , 0.117758506484403
0.0054 , 0.102860966558758
0.0055000000000000005 , 0.0879663431087547
0.0056 , 0.0731047707323289
0.0057 , 0.0583058896332552
0.0058000000000000005 , 0.0435987925837358
0.0059 , 0.0290119737483584
0.006 , 0.0145732794466972
0.0061 , 0.000309860926819807
0.006200000000000001 , -0.0137518707831523
0.0063 , -0.0275862878834293
0.0064 , -0.0411685866141102
0.006500000000000001 , -0.0544748258183872
0.0066 , -0.0674819632111599
0.0067 , -0.0801678893121309
0.0068000000000000005 , -0.0925114590077569
0.006900000000000001 , -0.104492520711752
0.007 , -0.116091943099120
0.0071 , -0.127291639393978
0.007200000000000001 , -0.138074589196657
0.0073 , -0.148424857840763
0.0074 , -0.158327613276023
0.007500000000000001 , -0.167769140477796
0.0076 , -0.176736853389149
0.0077 , -0.185219304406292
0.0078000000000000005 , -0.193206191423014
0.0079 , -0.200688362454448
0.008 , -0.207657817865168
0.0081 , -0.214107710231045
0.0082 , -0.220032341868737
0.0083 , -0.225427160070883
0.008400000000000001 , -0.230288750089201
0.0085 , -0.234614825911657
0.0086 , -0.238404218883664
0.008700000000000001 , -0.241656864226965
0.0088 , -0.244373785513310
0.0089 , -0.246557077153414
0.009000000000000001 , -0.248209884964805
0.0091 , -0.249336384885193
0.0092 , -0.249941759900785
0.009300000000000001 , -0.250032175261609
0.0094 , -0.249614752058356
0.0095 , -0.248697539237514
0.009600000000000001 , -0.247289484133644
0.0097 , -0.245400401599526
0.0098 , -0.243040941816609
0.0099 , -0.240222556869696
0.01 , -0.236957466171117
0.010100000000000001 , -0.233258620820743
0.0102 , -0.229139666989160
0.0103 , -0.224614908412035
0.010400000000000001 , -0.219699268084252
0.0105 , -0.214408249242804
0.0106 , -0.208757895727549
0.010700000000000001 , -0.202764751808978
0.0108 , -0.196445821571940
0.0109 , -0.189818527943900
0.011000000000000001 , -0.182900671455795
0.0111 , -0.175710388822818
0.0112 , -0.168266111431602
0.011300000000000001 , -0.160586523819231
0.0114 , -0.152690522228326
0.0115 , -0.144597173321078
0.011600000000000001 , -0.136325673133624
0.0117 , -0.127895306350516
0.0118 , -0.119325405977247
0.0119 , -0.110635313486897
0.012 , -0.101844339514900
0.012100000000000001 , -0.0929717251738084
0.0122 , -0.0840366040576216
0.0123 , -0.0750579650028788
0.012400000000000001 , -0.0660546156712299
0.0125 , -0.0570451470156100
0.0126 , -0.0480478986894748
0.012700000000000001 , -0.0390809254558005
0.0128 , -0.0301619646497231
0.0129 , -0.0213084047457866
0.013000000000000001 , -0.0125372550778208
0.0131 , -0.00386511675644131
0.0132 , 0.00469184517389675
0.013300000000000001 , 0.0131179282994581
0.0134 , 0.0213979180877199
0.0135 , 0.0295171117912785
0.013600000000000001 , 0.0374613409758404
0.0137 , 0.0452169926461721
0.013800000000000002 , 0.0527710289471001
0.013900000000000001 , 0.0601110054198540
0.014 , 0.0672250877972586
0.014100000000000001 , 0.0741020673244765
0.0142 , 0.0807313745951707
0.0143 , 0.0871030918961197
0.014400000000000001 , 0.0932079640564247
0.0145 , 0.0990374078005448
0.0146 , 0.104583519607432
0.014700000000000001 , 0.109839082081033
0.0148 , 0.114797568840364
0.0149 , 0.119453147940258
0.015000000000000001 , 0.123800683836684
0.0151 , 0.127835737913311
0.0152 , 0.131554567588648
0.015300000000000001 , 0.134954124025713
0.0154 , 0.138032048468685
0.0155 , 0.140786667233433
0.015600000000000001 , 0.143216985381180
0.015700000000000002 , 0.145322679106778
0.0158 , 0.147104086875262
0.0159 , 0.148562199342384
0.016 , 0.149698648096812
0.0161 , 0.150515693263490
0.0162 , 0.151016210009450
0.016300000000000002 , 0.151203673994980
0.0164 , 0.151082145814565
0.0165 , 0.150656254473474
0.0166 , 0.149931179947137
0.0167 , 0.148912634871652
0.016800000000000002 , 0.147606845414852
0.016900000000000002 , 0.146020531378298
0.017 , 0.144160885581429
0.0171 , 0.142035552579809
0.0172 , 0.139652606770040
0.0173 , 0.137020529934395
0.017400000000000002 , 0.134148188278612
0.0175 , 0.131044809016561
0.0176 , 0.127719956555649
0.0177 , 0.124183508336869
0.0178 , 0.120445630383349
0.0179 , 0.116516752611063
0.018000000000000002 , 0.112407543955101
0.0181 , 0.108128887364512
0.0182 , 0.103691854718237
0.0183 , 0.0991076817140706
0.0184 , 0.0943877427819166
0.018500000000000003 , 0.0895435260718058
0.018600000000000002 , 0.0845866085662993
0.0187 , 0.0795286313659270
0.0188 , 0.0743812751952816
0.0189 , 0.0691562361762621
0.019 , 0.0638652019137571
0.019100000000000002 , 0.0585198279377897
0.019200000000000002 , 0.0531317145447918
0.0193 , 0.0477123840792671
0.0194 , 0.0422732586956228
0.0195 , 0.0368256386384117
0.0196 , 0.0313806810776364
0.019700000000000002 , 0.0259493795341202
0.0198 , 0.0205425439282593
0.0199 , 0.0151707812837348
0.02 , 0.00984447711598673
0.0201 , 0.00457377753344531
0.020200000000000003 , -0.000631427922329202
0.020300000000000002 , -0.00576152267331261
0.0204 , -0.0108071787160977
0.0205 , -0.0157593714269011
0.0206 , -0.0206093935419397
0.0207 , -0.0253488682965451
0.020800000000000003 , -0.0299697617083337
0.020900000000000002 , -0.0344643939916842
0.021 , -0.0388254500927221
0.0211 , -0.0430459893359402
0.0212 , -0.0471194541755127
0.0213 , -0.0510396780462737
0.021400000000000002 , -0.0548008923112220
0.021500000000000002 , -0.0583977323042938
0.0216 , -0.0618252424689949
0.0217 , -0.0650788805953025
0.0218 , -0.0681545211590465
0.0219 , -0.0710484577697333
0.022000000000000002 , -0.0737574047345003
0.0221 , -0.0762784977475688
0.0222 , -0.0786092937162023
0.0223 , -0.0807477697357715
0.0224 , -0.0826923212280712
0.022500000000000003 , -0.0844417592585296
0.022600000000000002 , -0.0859953070493912
0.0227 , -0.0873525957073438
0.0228 , -0.0885136591853852
0.0229 , -0.0894789285000001
0.023 , -0.0902492252259253
0.023100000000000002 , -0.0908257542919296
0.023200000000000002 , -0.0912100961021175
0.0233 , -0.0914041980082869
0.0234 , -0.0914103651598210
0.0235 , -0.0912312507584822
0.0236 , -0.0908698457462919
0.023700000000000002 , -0.0903294679554296
0.0238 , -0.0896137507497640
0.0239 , -0.0887266311882387
0.024 , -0.0876723377408751
0.0241 , -0.0864553775886249
0.024200000000000003 , -0.0850805235387058
0.024300000000000002 , -0.0835528005873830
0.0244 , -0.0818774721624194
0.0245 , -0.0800600260776134
0.0246 , -0.0781061602319597
0.0247 , -0.0760217680860322
0.024800000000000003 , -0.0738129239481707
0.024900000000000002 , -0.0714858681029795
0.025 , -0.0690469918145044
0.0251 , -0.0665028222362479
0.0252 , -0.0638600072599159
0.0253 , -0.0611253003344608
0.025400000000000002 , -0.0583055452865991
0.025500000000000002 , -0.0554076611735351
0.0256 , -0.0524386271981204
0.0257 , -0.0494054677161284
0.0258 , -0.0463152373647080
0.025900000000000003 , -0.0431750063404294
0.026000000000000002 , -0.0399918458546260
0.0261 , -0.0367728137929834
0.0262 , -0.0335249406055327
0.0263 , -0.0302552154523655
0.0264 , -0.0269705726295136
0.026500000000000003 , -0.0236778782985169
0.026600000000000002 , -0.0203839175422607
0.0267 , -0.0170953817686763
0.0268 , -0.0138188564828924
0.0269 , -0.0105608094473830
0.027 , -0.00732757924859651
0.027100000000000003 , -0.00412536428746206
0.027200000000000002 , -0.000960212210069614
0.0273 , 0.00216199020631212
0.0274 , 0.00523552669784311
0.0275 , 0.00825486067646550
0.027600000000000003 , 0.0112146438982802
0.027700000000000002 , 0.0141097246273912
0.027800000000000002 , 0.0169351552858351
0.0279 , 0.0196861995813855
0.028 , 0.0223583391061988
0.0281 , 0.0249472794004381
0.028200000000000003 , 0.0274489554761785
0.028300000000000002 , 0.0298595367980592
0.0284 , 0.0321754317182970
0.0285 , 0.0343932913648150
0.0286 , 0.0365100129823664
0.0287 , 0.0385227427276446
0.028800000000000003 , 0.0404288779204594
0.028900000000000002 , 0.0422260687541349
0.029 , 0.0439122194693354
0.0291 , 0.0454854889965495
0.0292 , 0.0469442910734698
0.029300000000000003 , 0.0482872938444768
0.029400000000000003 , 0.0495134189503853
0.029500000000000002 , 0.0506218401175282
0.0296 , 0.0516119812561352
0.0297 , 0.0524835140788228
0.0298 , 0.0532363552508241
0.029900000000000003 , 0.0538706630843752
0.030000000000000002 , 0.0543868337904217
0.030100000000000002 , 0.0547854973015168
0.0302 , 0.0550675126804562
0.0303 , 0.0552339631298295
0.0304 , 0.0552861506182563
0.030500000000000003 , 0.0552255901396333
0.030600000000000002 , 0.0550540036222279
0.0307 , 0.0547733135049242
0.0308 , 0.0543856359983577
0.0309 , 0.0538932740490601
0.031 , 0.0532987100250821
0.031100000000000003 , 0.0526045981418628
0.031200000000000002 , 0.0518137566473756
0.0313 , 0.0509291597857964
0.031400000000000004 , 0.0499539295591185
0.0315 , 0.0488913273062700
0.0316 , 0.0477447451193825
0.0317 , 0.0465176971169119
0.0318 , 0.0452138105933208
0.031900000000000005 , 0.0438368170650066
0.032 , 0.0423905432320838
0.032100000000000004 , 0.0408789018755277
0.0322 , 0.0393058827090386
0.0323 , 0.0376755432048000
0.0324 , 0.0359919994120917
0.0325 , 0.0342594167874552
0.032600000000000004 , 0.0324820010548314
0.0327 , 0.0306639891137566
0.0328 , 0.0288096400133586
0.0329 , 0.0269232260095052
0.033 , 0.0250090237220420
0.033100000000000004 , 0.0230713054086172
0.0332 , 0.0211143303711169
0.0333 , 0.0191423365102402
0.0334 , 0.0171595320432256
0.0335 , 0.0151700873991893
0.033600000000000005 , 0.0131781273059809
0.0337 , 0.0111877230818689
0.033800000000000004 , 0.00920288514476673
0.0339 , 0.00722755575109349
0.034 , 0.00526560197571769
0.0341 , 0.00332080894379246
0.0342 , 0.00139687332461608
0.034300000000000004 , -0.000502602903013128
0.0344 , -0.00237411840516987
0.0345 , -0.00421427815881520
0.0346 , -0.00601979882205826
0.0347 , -0.00778751380198579
0.034800000000000005 , -0.00951437801407727
0.0349 , -0.0111974723279420
0.035 , -0.0128340076948178
0.0351 , -0.0144213289529836
0.0352 , -0.0159569183079467
0.035300000000000005 , -0.0174383984849633
0.0354 , -0.0188635355521569
0.035500000000000004 , -0.0202302414131858
0.0356 , -0.0215365759690953
0.0357 , -0.0227807489496701
0.0358 , -0.0239611214152616
0.0359 , -0.0250762069307239
0.036000000000000004 , -0.0261246724137295
0.0361 , -0.0271053386603643
0.0362 , -0.0280171805515175
0.0363 , -0.0288593269441711
0.0364 , -0.0296310602522842
0.036500000000000005 , -0.0303318157225187
0.0366 , -0.0309611804106066
0.0367 , -0.0315188918646758
0.0368 , -0.0320048365223606
0.0369 , -0.0324190478290027
0.037000000000000005 , -0.0327617040847112
0.0371 , -0.0330331260284906
0.037200000000000004 , -0.0332337741680593
0.0373 , -0.0333642458643766
0.0374 , -0.0334252721802625
0.0375 , -0.0334177145028433
0.0376 , -0.0333425609498720
0.037700000000000004 , -0.0332009225702700
0.0378 , -0.0329940293495080
0.0379 , -0.0327232260306850
0.038 , -0.0323899677623872
0.0381 , -0.0319958155846015
0.038200000000000005 , -0.0315424317641244
0.0383 , -0.0310315749910533
0.038400000000000004 , -0.0304650954480606
0.0385 , -0.0298449297642463
0.0386 , -0.0291730958654274
0.038700000000000005 , -0.0284516877327686
0.0388 , -0.0276828700816713
0.038900000000000004 , -0.0268688729728335
0.039 , -0.0260119863673597
0.0391 , -0.0251145546377461
0.0392 , -0.0241789710464879
0.0393 , -0.0232076722039523
0.039400000000000004 , -0.0222031325170418
0.0395 , -0.0211678586400239
0.0396 , -0.0201043839387384
0.0397 , -0.0190152629792099
0.0398 , -0.0179030660514825
0.039900000000000005 , -0.0167703737392739
0.04 , -0.0156197715457997
0.040100000000000004 , -0.0144538445858581
0.0402 , -0.0132751723539922
0.0403 , -0.0120863235782446
0.040400000000000005 , -0.0108898511687228
0.0405 , -0.00968828726985986
0.040600000000000004 , -0.00848413842492488
0.0407 , -0.00727988086098956
0.0408 , -0.00607795590219041
0.0409 , -0.00488076551876507
0.041 , -0.00369066801894840
0.041100000000000005 , -0.00250997389043540
0.0412 , -0.00134094179771118
0.0413 , -0.000185774741146488
0.0414 , 0.000953383616650998
0.0415 , 0.00207445245216450
0.041600000000000005 , 0.00317541710531997
0.0417 , 0.00425433222264243
0.041800000000000004 , 0.00530932471541559
0.0419 , 0.00633859652947596
0.042 , 0.00734042722370454
0.042100000000000005 , 0.00831317635470111
0.0422 , 0.00925528566556356
0.042300000000000004 , 0.0101652810771131
0.0424 , 0.0110417744803349
0.0425 , 0.0118834653292226
0.0426 , 0.0126891420336292
0.0427 , 0.0134576831521410
0.042800000000000005 , 0.0141880583853931
0.0429 , 0.0148793293706458
0.043000000000000003 , 0.0155306502788289
0.0431 , 0.0161412682156494
0.0432 , 0.0167105234287260
0.043300000000000005 , 0.0172378493230839
0.0434 , 0.0177227722876963
0.043500000000000004 , 0.0181649113361041
0.0436 , 0.0185639775644795
0.0437 , 0.0189197734308195
0.0438 , 0.0192321918592689
0.0439 , 0.0195012151738654
0.044000000000000004 , 0.0197269138662887
0.0441 , 0.0199094452024632
0.0442 , 0.0200490516731230
0.0443 , 0.0201460592936929
0.0444 , 0.0202008757590651
0.044500000000000005 , 0.0202139884590699
0.0446 , 0.0201859623606363
0.044700000000000004 , 0.0201174377628235
0.0448 , 0.0200091279310754
0.0449 , 0.0198618166172042
0.045000000000000005 , 0.0196763554717480
0.0451 , 0.0194536613554713
0.045200000000000004 , 0.0191947135568865
0.0453 , 0.0189005509227659
0.0454 , 0.0185722689086921
0.0455 , 0.0182110165567565
0.0456 , 0.0178179934075626
0.045700000000000005 , 0.0173944463537209
0.0458 , 0.0169416664420422
0.0459 , 0.0164609856316327
0.046 , 0.0159537735150876
0.0461 , 0.0154214340099467
0.046200000000000005 , 0.0148654020275376
0.0463 , 0.0142871401262776
0.046400000000000004 , 0.0136881351564320
0.0465 , 0.0130698949032508
0.0466 , 0.0124339447353049
0.046700000000000005 , 0.0117818242647405
0.0468 , 0.0111150840260479
0.046900000000000004 , 0.0104352821798102
0.047 , 0.00974398124775767
0.0471 , 0.00904274488529550
0.0472 , 0.00833313469751534
0.0473 , 0.00761670710452134
0.047400000000000005 , 0.00689501026172501
0.0475 , 0.00616958104056589
0.0476 , 0.00544194207491944
0.0477 , 0.00471359887824459
0.0478 , 0.00398603703630603
0.047900000000000005 , 0.00326071948008987
0.048 , 0.00253908384329700
0.048100000000000004 , 0.00182253990857035
0.0482 , 0.00111246714637038
0.0483 , 0.000410212350170540
0.048400000000000006 , -0.000282912628601292
0.0485 , -0.000965633042703140
0.048600000000000004 , -0.00163671330537863
0.0487 , -0.00229495893815240
0.0488 , -0.00293921840771372
0.0489 , -0.00356838484974009
0.049 , -0.00418139767777243
0.049100000000000005 , -0.00477724407551164
0.0492 , -0.00535496037116863
0.049300000000000004 , -0.00591363329275465
0.0494 , -0.00645240110345844
0.0495 , -0.00697045461651060
0.049600000000000005 , -0.00746703808918851
0.0497 , -0.00794144999586485
0.049800000000000004 , -0.00839304368024914
0.0499 , -0.00882122788721460
0.05 , -0.00922546717484067
0.050100000000000006 , -0.00960528220753563
0.0502 , -0.00996024993133188
0.050300000000000004 , -0.0102900036326708
0.0504 , -0.0105942328822096
0.0505 , -0.0108726833653957
0.0506 , -0.0111251566017578
0.0507 , -0.0113515095550606
0.050800000000000005 , -0.0115516541366617
0.0509 , -0.0117255566045896
0.051000000000000004 , -0.0118732368610434
0.0511 , -0.0119947676511729
0.0512 , -0.0120902736661678
0.051300000000000005 , -0.0121599305538267
0.0514 , -0.0122039638399244
0.051500000000000004 , -0.0122226477638278
0.0516 , -0.0122163040319361
0.0517 , -0.0121853004926347
0.051800000000000006 , -0.0121300497365631
0.0519 , -0.0120510076260900
0.052000000000000005 , -0.0119486717579794
0.0521 , -0.0118235798633107
0.0522 , -0.0116763081487836
0.0523 , -0.0115074695835998
0.0524 , -0.0113177121361647
0.052500000000000005 , -0.0111077169648926
0.0526 , -0.0108781965674327
0.052700000000000004 , -0.0106298928926533
0.0528 , -0.0103635754197403
0.0529 , -0.0100800392087657
0.053000000000000005 , -0.00978010292708143
0.0531 , -0.00946460685587982
0.053200000000000004 , -0.00913441088124022
0.0533 , -0.00879039247395235
0.0534 , -0.00843344466236789
0.053500000000000006 , -0.00806447400248689
0.0536 , -0.00768439854942965
0.053700000000000005 , -0.00729414583438529
0.0538 , -0.00689465085105715
0.0539 , -0.00648685405555007
0.054 , -0.00607169938356096
0.0541 , -0.00565013228864416
0.054200000000000005 , -0.00522309780522772
0.0543 , -0.00479153863995258
0.054400000000000004 , -0.00435639329480110
0.0545 , -0.00391859422536562
0.0546 , -0.00347906603749031
0.054700000000000006 , -0.00303872372539539
0.0548 , -0.00259847095426487
0.054900000000000004 , -0.00215919839014661
0.055 , -0.00172178207987705
0.0551 , -0.00128708188360337
0.055200000000000006 , -0.000855939962332665
0.0553 , -0.000429179322791702
0.055400000000000005 , -0.00000760242173258026
0.0555 , 0.000408010168331414
0.055600000000000004 , 0.000816901030127851
0.0557 , 0.00121833710768743
0.0558 , 0.00161161084594417
0.055900000000000005 , 0.00199604126250741
0.056 , 0.00237097495039635
0.056100000000000004 , 0.00273578701068494
0.0562 , 0.00308988191416157
0.0563 , 0.00343269429126500
0.056400000000000006 , 0.00376368964971329
0.0565 , 0.00408236501939746
0.056600000000000004 , 0.00438824952426540
0.0567 , 0.00468090488107213
0.0568 , 0.00495992582502458
0.056900000000000006 , 0.00522494046249414
0.057 , 0.00547561055111779
0.057100000000000005 , 0.00571163170775022
0.0572 , 0.00593273354486815
0.057300000000000004 , 0.00613867973616676
0.0574 , 0.00632926801221816
0.0575 , 0.00650433008719407
0.057600000000000005 , 0.00666373151777785
0.0577 , 0.00680737149551429
0.057800000000000004 , 0.00693518257396186
0.0579 , 0.00704713033212443
0.058 , 0.00714321297574909
0.058100000000000006 , 0.00722346087817814
0.0582 , 0.00728793606254372
0.058300000000000005 , 0.00733673162718557
0.0584 , 0.00736997111626145
0.0585 , 0.00738780783760297
0.058600000000000006 , 0.00739042412994682
0.0587 , 0.00737803058174416
0.058800000000000005 , 0.00735086520381774
0.0589 , 0.00730919255819730
0.059000000000000004 , 0.00725330284552007
0.0591 , 0.00718351095343276
0.0592 , 0.00710015546847616
0.059300000000000005 , 0.00700359765397233
0.0594 , 0.00689422039646719
0.059500000000000004 , 0.00677242712330900
0.0596 , 0.00663864069396538
0.0597 , 0.00649330226769701
0.059800000000000006 , 0.00633687015021794
0.0599 , 0.00616981862197689
0.060000000000000005 , 0.00599263675069405
0.0601 , 0.00580582719078278
0.060200000000000004 , 0.00560990497227417
0.0603 , 0.00540539628184723
0.0604 , 0.00519283723854613
0.060500000000000005 , 0.00497277266674032
0.0606 , 0.00474575486885243
0.060700000000000004 , 0.00451234240034370
0.0608 , 0.00427309884940694
0.0609 , 0.00402859162377219
0.061000000000000006 , 0.00377939074698241
0.0611 , 0.00352606766644338
0.061200000000000004 , 0.00326919407549575
0.0613 , 0.00300934075169673
0.0614 , 0.00274707641343509
0.061500000000000006 , 0.00248296659693601
0.0616 , 0.00221757255564155
0.061700000000000005 , 0.00195145018387914
0.0618 , 0.00168514896665453
0.061900000000000004 , 0.00141921095732594
0.062 , 0.00115416978483531
0.0621 , 0.000890549692088676
0.062200000000000005 , 0.000628864606992157
0.0623 , 0.000369617247562336
0.062400000000000004 , 0.000113298262440493
0.0625 , -0.000139614591949594
0.0626 , -0.000388657236453645
0.0627 , -0.000633380015393832
0.06280000000000001 , -0.000873348402969895
0.0629 , -0.00110814366898815
0.063 , -0.00133736350314624
0.0631 , -0.00156062259719684
0.0632 , -0.00177755318440826
0.06330000000000001 , -0.00198780553583499
0.0634 , -0.00219104841300494
0.0635 , -0.00238696947672481
0.0636 , -0.00257527565179752
0.0637 , -0.00275569344753836
0.06380000000000001 , -0.00292796923406745
0.0639 , -0.00309186947444575
0.064 , -0.00324718091281108
0.0641 , -0.00339371071875669
0.06420000000000001 , -0.00353128658828075
0.06430000000000001 , -0.00365975680171832
0.0644 , -0.00377899023914826
0.0645 , -0.00388887635384762
0.0646 , -0.00398932510444156
0.06470000000000001 , -0.00408026684647298
0.0648 , -0.00416165218418647
0.0649 , -0.00423345178339161
0.065 , -0.00429565614633652
0.0651 , -0.00434827534958678
0.06520000000000001 , -0.00439133874596552
0.0653 , -0.00442489463166816
0.0654 , -0.00444900987972030
0.0655 , -0.00446376954099870
0.0656 , -0.00446927641408383
0.06570000000000001 , -0.00446565058525739
0.0658 , -0.00445302894000045
0.0659 , -0.00443156464738593
0.066 , -0.00440142661879456
0.0661 , -0.00436279894241524
0.06620000000000001 , -0.00431588029501879
0.0663 , -0.00426088333251928
0.0664 , -0.00419803406085854
0.0665 , -0.00412757118876739
0.0666 , -0.00404974546397211
0.06670000000000001 , -0.00396481899442567
0.0668 , -0.00387306455615124
0.0669 , -0.00377476488929028
0.067 , -0.00367021198394876
0.0671 , -0.00355970635743279
0.06720000000000001 , -0.00344355632446037
0.0673 , -0.00332207726192722
0.0674 , -0.00319559086979362
0.0675 , -0.00306442442964468
0.06760000000000001 , -0.00292891006245903
0.06770000000000001 , -0.00278938398710116
0.0678 , -0.00264618578102910
0.0679 , -0.00249965764468398
0.068 , -0.00235014367099965
0.06810000000000001 , -0.00219798912143947
0.0682 , -0.00204353970993451
0.0683 , -0.00188714089606177
0.0684 , -0.00172913718876353
0.0685 , -0.00156987146186866
0.06860000000000001 , -0.00140968428263542
0.0687 , -0.00124891325449134
0.0688 , -0.00108789237510032
0.0689 , -0.000926951410840360
0.069 , -0.000766415288725967
0.06910000000000001 , -0.000606603506760225
0.0692 , -0.000447829563649340
0.0693 , -0.000290400408760624
0.0694 , -0.000134615913151147
0.0695 , 0.0000192316375602630
0.06960000000000001 , 0.000170858027760064
0.0697 , 0.000319987573184215
0.0698 , 0.000466353558434527
0.0699 , 0.000609698650118500
0.07 , 0.000749775285121570
0.07010000000000001 , 0.000886346033577893
0.0702 , 0.00101918393616291
0.0703 , 0.00114807281538905
0.0704 , 0.00127280756064198
0.07050000000000001 , 0.00139319438675313
0.07060000000000001 , 0.00150905106595946
0.0707 , 0.00162020713315813
0.0708 , 0.00172650406441936
0.0709 , 0.00182779542877448
0.07100000000000001 , 0.00192394701335139
0.0711 , 0.00201483692198151
0.0712 , 0.00210035564745496
0.0713 , 0.00218040611765121
0.0714 , 0.00225490371582239
0.07150000000000001 , 0.00232377627535483
0.0716 , 0.00238696404938125
0.0717 , 0.00244441965566221
0.0718 , 0.00249610799719885
0.0719 , 0.00254200615908245
0.07200000000000001 , 0.00258210328212644
0.0721 , 0.00261640041386648
0.0722 , 0.00264491033755141
0.0723 , 0.00266765737978358
0.0724 , 0.00268467719750129
0.07250000000000001 , 0.00269601654502794
0.0726 , 0.00270173302194232
0.0727 , 0.00270189480255321
0.0728 , 0.00269658034778701
0.0729 , 0.00268587810032180
0.07300000000000001 , 0.00266988616382293
0.0731 , 0.00264871196715561
0.0732 , 0.00262247191446778
0.0733 , 0.00259129102205278
0.0734 , 0.00255530254291481
0.07350000000000001 , 0.00251464757997240
0.0736 , 0.00246947468884459
0.0737 , 0.00241993947117237
0.0738 , 0.00236620415943356
0.07390000000000001 , 0.00230843719421281
0.07400000000000001 , 0.00224681279489040
0.0741 , 0.00218151052471271
0.0742 , 0.00211271485120534
0.0743 , 0.00204061470288568
0.07440000000000001 , 0.00196540302322502
0.0745 , 0.00188727632280348
0.0746 , 0.00180643423059017
0.0747 , 0.00172307904527056
0.0748 , 0.00163741528752892
0.07490000000000001 , 0.00154964925417971
0.075 , 0.00145998857502482
0.0751 , 0.00136864177329580
0.0752 , 0.00127581783052090
0.0753 , 0.00118172575663547
0.07540000000000001 , 0.00108657416613251
0.0755 , 0.000990570861026351
0.0756 , 0.000893922421377543
0.0757 , 0.000796833804101725
0.0758 , 0.000699507950757138
0.07590000000000001 , 0.000602145404978640
0.076 , 0.000504943940196090
0.0761 , 0.000408098198245599
0.0762 , 0.000311799339451261
0.0763 , 0.000216234704723605
0.07640000000000001 , 0.000121587490188878
0.0765 , 0.0000280364348306315
0.0766 , -0.0000642444784081498
0.0767 , -0.000155086307647737
0.07680000000000001 , -0.000244325422838527
0.07690000000000001 , -0.000331803761925740
0.077 , -0.000417369072100082
0.0771 , -0.000500875135857145
0.0772 , -0.000582181981623042
0.07730000000000001 , -0.000661156078738464
0.07740000000000001 , -0.000737670516627995
0.0775 , -0.000811605168016011
0.0776 , -0.000882846836084777
0.0777 , -0.000951289385504381
0.07780000000000001 , -0.00101683385729780
0.0779 , -0.00107938856753766
0.078 , -0.00113886918990410
0.0781 , -0.00119519882216536
0.0782 , -0.00124830803667448
0.07830000000000001 , -0.00129813491500648
0.0784 , -0.00134462506689087
0.0785 , -0.00138773163362382
0.0786 , -0.00142741527617326
0.0787 , -0.00146364414821815
0.07880000000000001 , -0.00149639385439010
0.0789 , -0.00152564739401211
0.079 , -0.00155139509065379
0.0791 , -0.00157363450784718
0.0792 , -0.00159237035133023
0.07930000000000001 , -0.00160761435820695
0.0794 , -0.00161938517343441
0.0795 , -0.00162770821406674
0.0796 , -0.00163261552170455
0.07970000000000001 , -0.00163414560361622
0.07980000000000001 , -0.00163234326301354
0.0799 , -0.00162725941897933
0.08 , -0.00161895091655881
0.0801 , -0.00160748032753877
0.08020000000000001 , -0.00159291574245044
0.08030000000000001 , -0.00157533055434177
0.0804 , -0.00155480323487407
0.0805 , -0.00153141710330544
0.0806 , -0.00150526008892985
0.08070000000000001 , -0.00147642448754617
0.08080000000000001 , -0.00144500671253503
0.0809 , -0.00141110704112436
0.081 , -0.00137482935642597
0.0811 , -0.00133628088582571
0.08120000000000001 , -0.00129557193630899
0.0813 , -0.00125281562730131
0.0814 , -0.00120812762160028
0.0815 , -0.00116162585497146
0.0816 , -0.00111343026497461
0.08170000000000001 , -0.00106366251958084
0.0818 , -0.00101244574613326
0.0819 , -0.000959904261195441
0.082 , -0.000906163301822609
0.0821 , -0.000851348758779425
0.08220000000000001 , -0.000795586912217615
0.0823 , -0.000739004170313806
0.0824 , -0.000681726811355222
0.0825 , -0.000623880729746876
0.0826 , -0.000565591186399127
0.08270000000000001 , -0.000506982563939171
0.0828 , -0.000448178127174110
0.0829 , -0.000389299789216231
0.083 , -0.000330467883664162
0.08310000000000001 , -0.000271800943215450
0.08320000000000001 , -0.000213415485067845
0.0833 , -0.000155425803447903
0.0834 , -0.0000979437695859661
0.0835 , -0.0000410786394373224
0.08360000000000001 , 0.0000150631305709138
0.08370000000000001 , 0.0000703780595077503
0.0838 , 0.000124765809381971
0.0839 , 0.000178129343843356
0.084 , 0.000230375077943720
0.08410000000000001 , 0.000281413018781470
0.08420000000000001 , 0.000331156896873755
0.0843 , 0.000379524288121740
0.0844 , 0.000426436726255349
0.0845 , 0.000471819805664521
0.08460000000000001 , 0.000515603274545316
0.0847 , 0.000557721118309225
0.0848 , 0.000598111633225030
0.0849 , 0.000636717490282407
0.085 , 0.000673485789286688
0.08510000000000001 , 0.000708368103213747
0.0852 , 0.000741320512873199
0.0853 , 0.000772303631947297
0.0854 , 0.000801282622491139
0.0855 , 0.000828227200998304
0.08560000000000001 , 0.000853111635153226
0.0857 , 0.000875914731409128
0.0858 , 0.000896619813546784
0.0859 , 0.000915214692385406
0.08600000000000001 , 0.000931691626832661
0.08610000000000001 , 0.000946047276475437
0.0862 , 0.000958282645927471
0.0863 , 0.000968403021163493
0.0864 , 0.000976417898082539
0.08650000000000001 , 0.000982340903555368
0.08660000000000001 , 0.000986189709222566
0.0867 , 0.000987985938320793
0.0868 , 0.000987755065824826
0.0869 , 0.000985526312202530
0.08700000000000001 , 0.000981332531088584
0.08710000000000001 , 0.000975210091190805
0.0872 , 0.000967198752750112
0.0873 , 0.000957341538881683
0.0874 , 0.000945684602130569
0.08750000000000001 , 0.000932277086579984
0.0876 , 0.000917170985854735
0.0877 , 0.000900420997365674
0.0878 , 0.000882084373143812
0.0879 , 0.000862220767614643
0.08800000000000001 , 0.000840892082664510
0.0881 , 0.000818162310351295
0.0882 , 0.000794097373611503
0.0883 , 0.000768764965314917
0.0884 , 0.000742234386016280
0.08850000000000001 , 0.000714576380751241
0.0886 , 0.000685862975220734
0.0887 , 0.000656167311704371
0.0888 , 0.000625563485039113
0.0889 , 0.000594126378994599
0.08900000000000001 , 0.000561931503371011
0.0891 , 0.000529054832139238
0.0892 , 0.000495572642936512
0.0893 , 0.000461561358223427
0.08940000000000001 , 0.000427097388400625
0.08950000000000001 , 0.000392256977175148
0.0896 , 0.000357116049457896
0.0897 , 0.000321750062064323
0.0898 , 0.000286233857481258
0.08990000000000001 , 0.000250641520952462
0.09000000000000001 , 0.000215046241125466
0.0901 , 0.000179520174491524
0.0902 , 0.000144134313839396
0.0903 , 0.000108958360932735
0.09040000000000001 , 0.0000740606036089208
0.09050000000000001 , 0.0000395077974857405
0.0906 , 0.00000536505245020147
0.0907 , -0.0000283042759084802
0.0908 , -0.0000614386897717108
0.09090000000000001 , -0.0000939786473329847
0.091 , -0.000125866655683005
0.0911 , -0.000157047358226397
0.0912 , -0.000187467616530297
0.0913 , -0.000217076586518139
0.09140000000000001 , -0.000245825788934401
0.0915 , -0.000273669174018788
0.0916 , -0.000300563180341084
0.0917 , -0.000326466787760107
0.0918 , -0.000351341564483008
0.09190000000000001 , -0.000375151708213140
0.092 , -0.000397864081387007
0.0921 , -0.000419448240512801
0.0922 , -0.000439876459634638
0.09230000000000001 , -0.000459123747958397
0.09240000000000001 , -0.000477167861686184
0.0925 , -0.000493989310117641
0.0926 , -0.000509571356087030
0.0927 , -0.000523900010815535
0.09280000000000001 , -0.000536964023268485
0.09290000000000001 , -0.000548754864116929
0.093 , -0.000559266704412659
0.0931 , -0.000568496389094821
0.0932 , -0.000576443405455099
0.09330000000000001 , -0.000583109846696909
0.09340000000000001 , -0.000588500370731983
0.0935 , -0.000592622154365378
0.0936 , -0.000595484843027152
0.0937 , -0.000597100496215708
0.09380000000000001 , -0.000597483528824158
0.09390000000000001 , -0.000596650648526989
0.094 , -0.000594620789409747
0.0941 , -0.000591415042029502
0.0942 , -0.000587056580098415
0.09430000000000001 , -0.000581570583986839
0.0944 , -0.000574984161246049
0.0945 , -0.000567326264353886
0.0946 , -0.000558627605889366
0.0947 , -0.000548920571344556
0.09480000000000001 , -0.000538239129783881
0.0949 , -0.000526618742562398
0.095 , -0.000514096270315485
0.0951 , -0.000500709878432933
0.0952 , -0.000486498941230405
0.09530000000000001 , -0.000471503945030907
0.0954 , -0.000455766390368089
0.0955 , -0.000439328693521933
0.0956 , -0.000422234087595844
0.09570000000000001 , -0.000404526523341983
0.09580000000000001 , -0.000386250569939408
0.0959 , -0.000367451315926669
0.096 , -0.000348174270487381
0.0961 , -0.000328465265283804
0.09620000000000001 , -0.000308370357029445
0.09630000000000001 , -0.000287935730987680
0.0964 , -0.000267207605578723
0.0965 , -0.000246232138272461
0.0966 , -0.000225055332939669
0.09670000000000001 , -0.000203722948828474
0.09680000000000001 , -0.000182280411327566
0.0969 , -0.000160772724671526
0.097 , -0.000139244386737597
0.0971 , -0.000117739306076852
0.09720000000000001 , -0.0000963007213161658
0.09730000000000001 , -0.0000749711230606364
0.0974 , -0.0000537921784192221
0.0975 , -0.0000328046582692937
0.0976 , -0.0000120483673686082
0.09770000000000001 , 0.00000843792258409021
0.0978 , 0.0000286165368460473
0.0979 , 0.0000484509583987775
0.098 , 0.0000679058855088408
0.0981 , 0.0000869472860101081
0.09820000000000001 , 0.000105542448243934
0.0983 , 0.000123660028601506
0.0984 , 0.000141270095620221
0.0985 , 0.000158344170593636
0.09860000000000001 , 0.000174855264662170
0.09870000000000001 , 0.000190777912359330
0.0988 , 0.000206088201595773
0.0989 , 0.000220763800070983
0.099 , 0.000234783978109725
0.09910000000000001 , 0.000248129627927726
0.09920000000000001 , 0.000260783279338194
0.0993 , 0.000272729111917839
0.0994 , 0.000283952963657971
0.0995 , 0.000294442336133000
0.09960000000000001 , 0.000304186396225269
0.09970000000000001 , 0.000313175974451563
0.0998 , 0.000321403559942900
0.0999 , 0.000328863292135227
0.1 , 0.000335550949234528
